"total.tro.pref.quotient" "Vowel.Alt.pref.quotient" "Novelty.VRM" "com18z" "say18z" "say24z"
"total.tro.pref.quotient" 1 0.230987901634927 0.000292487320582722 0.0189075116132906 0.0320740429222951 0.137190327502885
"Vowel.Alt.pref.quotient" 0.230987901634927 1 0.0390398121458275 0.165471392297935 0.214233566612064 0.235592519993404
"Novelty.VRM" 0.000292487320582722 0.0390398121458275 1 -0.0208617292920712 -0.0293004167066392 0.0918073053378735
"com18z" 0.0189075116132906 0.165471392297935 -0.0208617292920712 1 0.596580435143685 0.583638150858056
"say18z" 0.0320740429222951 0.214233566612064 -0.0293004167066392 0.596580435143685 1 0.70403815489059
"say24z" 0.137190327502885 0.235592519993404 0.0918073053378735 0.583638150858056 0.70403815489059 1
"total.tro.pref.quotient" "Vowel.Alt.pref.quotient" "Novelty.VRM" "com18z" "say18z" "say24z"
"total.tro.pref.quotient" NA 0.0243136523492766 0.997755494982935 0.881164809922604 0.79977603363713 0.28764991063077
"Vowel.Alt.pref.quotient" 0.0243136523492766 NA 0.710238247515772 0.191311386798961 0.0891520273020547 0.0699701672075845
"Novelty.VRM" 0.997755494982935 0.710238247515772 NA 0.870028526767852 0.8182217398385 0.481624451634018
"com18z" 0.881164809922604 0.191311386798961 0.870028526767852 NA 1.56806126305753e-07 2.34468495463602e-06
"say18z" 0.79977603363713 0.0891520273020547 0.8182217398385 1.56806126305753e-07 NA 1.41863210068038e-09
"say24z" 0.28764991063077 0.0699701672075845 0.481624451634018 2.34468495463602e-06 1.41863210068038e-09 NA
"total.tro.pref.quotient" "Vowel.Alt.pref.quotient" "Novelty.VRM" "com18z" "say18z" "say24z"
"total.tro.pref.quotient" 97 95 95 65 65 62
"Vowel.Alt.pref.quotient" 95 95 93 64 64 60
"Novelty.VRM" 95 93 95 64 64 61
"com18z" 65 64 64 65 65 56
"say18z" 65 64 64 65 65 56
"say24z" 62 60 61 56 56 62
